[app/ui]
version = 7.2.4.2
modtime = 1559135763.755072400

[app/launcher]
version = 7.2.4.2
modtime = 1559135763.821123900
